6
1
5
0 111 556 521 121 111
111 0 120 165 262 255
556 120 0 55 592 111
521 165 55 0 191 162
121 262 592 191 0 265
111 255 111 162 265 0