10
2
5
0 321 111 121 101 121 110 211 110 11
321 0 211 111 213 111 311 231 300 212
111 211 0 211 210 122 221 122 223 121
121 111 211 0 112 312 313 202 221 103
101 213 210 112 0 111 211 112 111 311
121 111 122 312 111 0 311 210 131 121
110 311 221 313 211 311 0 111 110 212
211 231 122 202 112 210 111 0 211 111
110 300 223 221 111 131 110 211 0 112
11 212 121 103 311 121 212 111 112 0
