8
2
4
0 955 993 909 222 233 933 932
955 0 339 353 333 999 599 933
993 339 0 935 333 330 230 333
909 353 935 0 332 323 995 232
222 333 333 332 0 93 233 330
233 999 330 323 93 0 220 333
933 599 230 995 233 220 0 333
932 933 333 232 330 333 333 0
